// List all collections
GET collections

// Get collection info
GET collections/grocery-embeddings


POST /collections/grocery-embeddings/points/query
{
      "with_payload": ["ItemName"],
    "query": [-0.022038454,-0.02099321,-0.011063392,0.023672568,-0.04781623,-0.03565607,-0.015428389,0.01999213,-0.021773461,0.061772447,0.008987626,0.0085901385,-0.028516022,0.0008317786,-0.019874357,0.03297671,-0.048522875,-0.004773526,-0.0069854683,0.01687112,0.0068860967,-0.0014979376,-0.0054360046,0.025748333,0.026322482,-0.0054102414,-0.039542608,0.009480804,0.03780544,0.013050827,0.03159287,0.0131391585,0.0015006979,0.036156606,0.019682974,0.065070115,0.014368424,-0.013875245,0.037157685,0.030797891,-0.0041110474,-0.031298432,-0.026278317,0.012550288,-0.006503331,-0.023731453,0.03179897,0.018578842,0.02707329,-0.0096059395,0.0062125768,-0.028118534,0.015663937,-0.009848848,-0.056384288,0.004088965,0.010643822,0.12118941,0.0305329,-0.021523193,-0.053439938,-0.0020923282,0.023245636,0.0069044987,-0.0055721807,-0.015649216,-0.017091947,0.027588552,-0.005550098,-0.00851653,-0.023260359,-0.0077362773,0.012962497,0.018313851,0.0033878419,-0.026602194,0.009532331,-0.03465499,0.01745999,0.033683356,-0.026616916,-0.022568436,0.007235738,0.0165178,0.050613362,0.031828415,-0.035184972,-0.04419468,-0.046432387,0.038659304,-0.0043355543,0.0085533345,0.042192522,0.013455676,0.012241132,0.03374224,0.012520845,-0.0076773902,0.052674405,-0.013713306,-0.05084891,-0.009333587,-0.011401992,0.014648137,0.03203452,0.01248404,0.028295195,0.013264293,-0.029575987,-0.06618897,0.03112177,-0.0103567485,-0.030797891,-0.0051415698,-0.0069265813,-0.0077878037,-0.02411422,0.022377053,0.0031504536,-0.011475601,-0.020581001,0.0057304394,0.022921758,0.038659304,0.036038835,0.0021548956,-0.053116057,0.017621929,0.00809696,0.03650993,0.026955517,0.0016322735,-0.016414747,0.0027437655,-0.014206485,-0.040190365,0.061595783,0.034596104,-0.020051017,0.046903484,0.0063045877,0.008273621,0.022877593,0.0075154514,-0.010150644,-0.019962687,-0.011998223,-0.026440255,-0.0019027856,-0.019874357,0.01610559,-0.013396788,-0.015649216,-0.013676502,0.032770608,-0.01054077,0.04967117,-0.016723903,0.02033073,-0.0096133,0.0021107304,0.046667933,0.0045674215,0.013757471,0.02402589,-0.015089789,0.00034228057,0.040749792,-0.006334031,0.027809378,0.004589504,0.0106953485,0.048611205,-0.029649597,-0.034713876,0.028368805,0.032270066,0.005796687,0.019727139,-0.04973006,0.0131759625,0.0070259534,0.015428389,-0.0066468683,0.0012495081,-0.023643123,0.030415127,0.021950124,-0.017931087,-0.0318873,0.010150644,-0.0065695792,0.0042619454,0.009193731,-0.009532331,0.02800076,-0.041633096,0.023289802,0.004880259,-0.003787169,-0.012668062,0.009407195,-0.012587093,-0.008987626,0.021714576,-0.018063582,-0.0055685,0.03312393,0.024496986,0.037776,0.0027290436,-0.034802206,0.002740085,0.018181356,0.0039012625,0.0073645534,-0.029811535,0.021375975,-0.016149756,0.020286566,-0.013875245,0.022907037,0.023775619,0.014361063,-0.00080555555,-0.02006574,-0.011173805,0.034802206,-0.0024327685,0.04596129,-0.042310297,-0.017945807,-0.011092835,-0.0067536007,-0.03271172,-0.028825179,-0.016812233,-0.023186749,0.018269686,0.02006574,-0.0046741543,0.03971927,-0.04687404,0.0008253379,-0.00328847,0.009348309,-0.0017951329,0.035037756,-0.004530617,0.010923536,-0.031239545,-0.03294727,0.00044073226,-0.0005009994,-0.021876514,0.0012614696,-0.0005217019,-0.007092201,-0.022023732,0.038423758,0.0085533345,0.047462907,-0.027617995,0.006683673,-0.0061536897,-0.0037430038,-0.04198642,-0.00674624,0.0020205595,0.024143662,0.03365391,-0.0057562026,-0.01281528,0.00716949,0.033889458,-0.03185786,-0.002116251,0.0071290056,0.034772765,0.016797513,0.04292861,0.039601497,0.031268988,-0.002057364,-0.029487656,-0.025601115,-0.013109715,0.025512785,0.008715274,0.007309347,-0.02168513,0.043046385,-0.042428073,-0.032270066,0.011195888,0.040278696,0.07720084,0.005167333,0.0076847514,0.021037376,0.0096133,-0.03500831,0.026587473,-0.018313851,-0.035184972,0.02775049,-0.035420522,-0.034861095,-0.0037595658,0.014802716,0.01822552,-0.018843835,0.03026791,-0.0058739767,-0.018755505,0.01517812,0.003415445,0.04342915,0.047021255,0.016296973,-0.0054544066,0.049317848,-0.023628403,-0.044224124,-0.018034138,0.014331619,-0.041456435,0.00011725641,-0.014066628,0.008862491,-0.053675484,0.0016221524,0.009215813,0.0019009454,0.017356938,-0.009966622,0.06901555,-0.030061806,-0.0045968653,-0.008384034,-0.019108826,0.012579732,-0.0052335807,0.038570974,0.024644202,-0.0073056663,0.042457514,0.0045195757,0.0014243289,0.014972015,0.00069008186,-0.023378132,0.0046667936,-0.014596611,0.033506695,0.0043833996,-0.019182434,-0.0055169743,0.0418392,0.022494828,0.029119613,0.04139755,-0.006267783,-0.02149375,-0.0281627,0.00060681195,-0.016414747,-0.006367155,0.0141181545,-0.028530743,-0.045225203,-0.01603198,-0.007971825,0.045254648,-0.04958284,-0.0066174245,0.0014510121,0.021375975,-0.026366647,0.0010590455,-0.035508852,0.009053874,-0.024585316,-0.011394631,0.04410635,0.02158208,-0.015958373,-0.022288723,-0.007368234,-0.026425533,-0.030650675,-0.04039647,-0.007117964,0.004957548,-0.0003864458,0.017975252,-0.011711149,0.021523193,0.0059107807,-0.06053582,-0.027102735,0.005487531,0.025247794,-0.04822844,0.024555871,0.013109715,-0.025674725,-0.010894092,0.002883622,-0.022671489,-0.025498064,-0.029414048,-0.0013120756,-0.007692112,0.013080271,-0.006080081,0.011100196,0.018740783,-0.024173107,0.017150834,0.0060616788,-0.006021194,-0.02150847,0.007445523,0.035862174,0.014964655,0.0018070943,0.000902627,0.0075154514,0.024187827,0.020374896,0.028825179,-0.01340415,0.017165555,-0.0056862743,0.0025818262,-0.026337203,0.03406612,0.001567866,0.04207475,0.0055353763,-0.011100196,-0.032564502,-0.015487277,-0.030503457,-0.026587473,0.0199038,0.014206485,-0.022494828,0.00590342,0.020124627,0.033712797,-0.016665015,0.010422996,-0.012152801,0.0014270892,0.041691985,0.04578463,0.004324513,-0.021449585,0.005608985,0.020257123,0.0097826,0.0049980325,-0.030974554,-0.009878292,-0.06330351,0.02724995,-0.009716352,0.024806142,0.012329462,0.032593947,-0.0061684116,-0.021905957,-0.029914588,0.015987815,0.03509664,-0.009804683,-0.028810456,-0.027809378,-0.003111809,0.012623897,0.032358397,-0.010518688,0.035862174,-0.009399835,0.016046703,0.021655688,0.03026791,-0.0014602132,-0.01796053,-0.014655498,0.040897008,-0.0149057675,-0.0069376226,0.020419061,-0.0028118535,-8.315486E-05,0.012071831,-0.009620661,0.052998286,0.03998426,0.0288399,0.0045637414,-0.0391304,-0.014559806,0.014103432,0.010077035,-0.009819404,-0.0127637535,0.017415825,0.017945807,0.026042769,-0.0271469,0.019918522,0.009716352,0.032917824,0.0006822609,-0.0029406687,0.029988196,0.012653341,0.00022910717,0.0023002727,0.0033252742,-0.00064131606,0.022023732,0.012285297,-0.00607272,0.11147306,-0.027441334,0.00624202,0.022229835,-0.0026517545,-0.0029314677,0.03374224,0.025291959,0.007371914,-0.023775619,-0.00160191,-0.009885652,0.003415445,-0.0028725807,0.02006574,-0.01483952,-0.013529284,0.016650295,0.011497684,-0.004876578,0.009583857,-0.024482263,0.0015586648,-0.0012807918,0.014972015,-0.017489433,-0.007861412,-0.009973982,-0.02370201,0.02033073,0.037481565,-0.04057313,0.012535566,-0.015222285,0.01660613,0.01635586,0.0035534613,-0.013698584,0.005277746,0.03465499,-0.01601726,0.014574529,-0.004710959,-0.01653252,0.0013313979,-0.0073903166,-0.0020150389,0.024011167,-0.029399326,0.022627324,0.012042388,-0.042516403,0.0067756837,-0.034978867,0.013779554,-0.02446754,-0.0020702456,-0.015575607,-0.021258201,-0.0010875689,-0.03592106,-0.003356558,0.030856779,-0.013087632,-0.003363919,0.000893886,-0.024894472,0.012248493,0.008752078,0.014721746,1.91929E-06,0.023289802,0.013433593,-0.004041119,-0.02664636,0.032741163,0.0610658,0.0318873,0.016915286,0.024776699,0.01669446,-0.014449393,-0.03745212,0.015192841,0.0067977663,-0.0011059712,0.0006956025,0.0039564692,0.039837044,-0.006208896,-0.033860017,-0.0035129767,0.05918142,-0.033948347,0.007773082,-0.010106479,-0.0066763116,0.03898318,-0.006595342,0.0008372993,-0.032741163,-0.003610508,-0.005067961,-0.015575607,0.013617615,-0.002504537,0.0026830381,0.017224442,-0.004688876,-0.04310527,-0.003069484,0.012314741,0.016503077,0.009937178,-0.01382372,-0.01517812,-0.02133181,-0.027603274,0.03044457,0.021729296,0.043134715,-0.012778475,0.013897328,-0.023422297,0.033271145,0.0074823275,0.014802716,-0.0038386951,-0.053027727,-0.009348309,-0.021155149,-0.0054212827,0.014655498,-0.01594365,0.011527127,0.01603198,-0.003363919,0.0019635127,-0.0070259534,0.0033970429,0.012668062,-0.008126403,-0.018696617,0.040455356,0.002876261,-0.009318865,0.010054952,-0.04201586,-0.016473634,0.019344375,0.003945428,-0.005936544,0.004453328,0.027500222,0.019359095,-0.012447236,0.011188527,-0.004140491,-0.017165555,0.0013976457,-0.013904689,-0.013036106,0.009215813,-0.012079192,-0.010047591,-0.003179897,-0.0089655435,0.0016635573,-0.023230914,0.025527507,0.0004959388,-0.0012430674,-0.013367346,-0.033830572,0.024496986,-0.010651183,-0.0034301667,-0.026189987,0.0064554857,0.010349387,0.01087937,-0.022907037,0.014810076,0.030150136,0.0041257693,-0.0017739703,0.04198642,-0.00021553556,-0.0027713687,0.05800368,-0.00320566,0.009480804,-0.017783869,0.05126112,-0.04039647,-0.0037650864,0.011828923,-0.02614582,0.030415127,9.505877E-05,-0.008398756,0.009826765,-0.0013175963,-0.0023996446,0.00606904,-0.006330351,0.013867885,-0.023201471,0.014125515,-0.01121797,-0.0031688558,0.0014979376,0.02775049,0.005752522,0.02689663,-0.040543687,0.0019469509,-0.034772765,0.011343105,-0.008906656,0.003525858,-0.00835459,-0.011004505,-0.017813312,-0.061595783,0.00783933,0.045902405,0.017607208,0.012130719,-0.024850307,0.008921378,-0.030680118,0.003912304,-0.004140491,0.015310615,0.009179008,0.017298052,3.852957E-06,0.014302176,0.0025579033,0.01592893,-0.038482644,0.007357192,0.010172727,0.001273431,-0.042958055,-0.03424278,0.012491401,-0.025512785,-0.0018319372,-0.011085475,-0.0021953804,-0.012557649,-0.028898787,0.03365391,-0.0060248743,-0.008950821,-0.0074712858,0.018078303,0.025512785,-0.018829113,-0.0035829048,0.011078114,-0.008052795,0.012785836,-0.005752522,0.02099321,-0.012366266,-0.011519766,-0.0103935525,0.020536836,-0.009502887,0.004755124,-0.0066431877,0.0031651754,-0.025395012,-0.018505234,-0.009480804,0.004004315,-0.0069854683,-0.016414747,0.01754832,0.005793007,0.013683863,0.012211688,-0.034861095,0.04443023,-0.028015481,0.0013672821,0.030297352,-0.0057746046,0.01712139,-0.025306681,0.01871134,-0.02083127,-0.029634874,-0.0013764832,0.0153547805,-0.03889485,-0.007463925,-0.033860017,-0.01248404,-0.006021194,0.028825179,-0.025262516,-0.004968589,0.00013353083,0.021640966,0.026749412,0.022274,-0.007905577,-8.505258E-05,0.018166635,-0.020669332,-0.02124348,0.0015485437,-0.0055280156,-0.025939716,-0.017828034,-0.024717811,-0.009068595,-0.016650295,-0.003978552,0.02648442,0.02150847,0.04445967,-0.020625167,-0.011011866,-0.0015209403,-0.0018135351,-0.004022717,0.015398946,-0.008994986,-0.02277454,0.027308838,-0.015133955,-0.002438289,-0.0103935525,0.015398946,-0.008104321,-3.9737213E-05,-0.030385682,-0.025689447,-0.0014583729,0.013558728,0.00022715193,-0.044224124,-0.015443112,0.005277746,0.028722126,-0.014611333,0.013705946,-0.03701047,0.02723523,-0.018431626,-0.0055537787,-0.00029742526,0.037157685,0.036392156,0.016635573,-0.0005488451,0.02800076,-0.017327495,0.028795734,0.032328952,0.0037834886,0.007478647,0.0070443554,0.009495526,0.01999213,0.0048103305,-0.0072835837,-0.011026587,0.036215495,-0.016665015,0.04967117,-0.012160162,-0.010319944,-0.010864648,-0.026454978,0.019727139,0.028663239,0.00057460816,0.028560188,-0.005075322,0.00030754646,-0.004942826,0.023010088,-0.015663937,0.005458087,0.0010443238,0.004707278,-0.013639698,0.017386382,0.010555492,-0.0034007232,-0.005947585,-0.028030204,0.013639698,-0.010128561,-0.0050053936,-0.0015697061,0.016429469,0.0024677326,0.018608287,8.848861E-06,-0.02149375,-0.020404339,0.047551237,0.015796434,-0.009259978,-0.06324462,0.008222095,-0.009311505,-0.043134715,0.04148588,0.020639887,0.0075448947,0.0031946187,-0.0026830381,0.03474332,-0.03044457,-0.0007098642,0.015104511,0.017680816,0.0039748712,-0.021022653,-0.003424646,-0.022200393,0.0077951644,0.0021604162,-0.021479027,0.01669446,0.024070054,0.017018339,0.008619582,0.0039343867,-0.002960911,0.0082883425,0.008715274,0.0030842058,0.0027474458,-0.01822552,-0.013772193,-0.005270385,0.033712797,0.0152811725,-0.0008018751,0.013558728,0.004924424,-0.045077987,0.01500882,0.006543816,0.007327749,0.014795355,0.008303065,0.011151723,0.007092201,-0.012130719,-0.0013544007,0.019270765,0.0025689446,0.014854241,0.019241322,0.015075068,-0.010923536,-0.008987626,-0.0034964145,-0.024585316,0.023657845,-0.011843644,-0.01930021,-0.013669141,0.0075191315,0.011195888,-0.015251729,-0.015075068,0.0011197728,0.017356938,-0.0025505424,0.009421918,-0.009966622,-0.012174884,-0.01947687,0.039336506,0.018019417,-0.008207373,0.029134335,-0.009929817,-0.043811914,0.005108446,0.09215813,-0.000328709,-0.019211879,0.023230914,0.013698584,-0.0021640966,0.0063193096,0.0138163585,0.019830192,-0.017857477,0.03433111,0.006315629,-0.0027860904,-0.013036106,-0.016900564,0.008671109,0.011954058,0.019197157,-0.002798972,0.0039822324,-0.011608097,-0.026661081,0.017754426,0.0109971445,0.015133955,-0.0075264927,0.003558982,0.0011252934,0.010989783,-0.0058371723,-0.008428199,-0.016503077,-0.01560505,-0.0034669712,0.024526428,0.0041220887,-0.020728217,-0.00014560726,-0.02470309,-0.0305329,0.00480665,-0.011681706,0.0074344818,0.008744717,0.015649216,-0.0152811725,0.005656831,-0.031298432,-0.024555871,0.01594365,-0.045755185,0.019417983,0.009547052,0.015310615,0.022038454,-0.00077887235,-0.020345453,0.023672568,-0.010783679,-0.010872009,-0.0035553016,-0.01576699,0.006021194,0.01129894,0.0028431371,-0.022921758,-0.024187827,0.01601726,0.013080271,-0.018578842,-0.0068161683,-0.0261311,-0.007342471,0.018284408,0.04604962,-0.015796434,-0.015075068,-0.0018954248,0.028604353,0.0011915413,-0.008803604,0.013772193,0.0035884255,-0.02892823,0.022023732,-0.03736379,-0.0028707404,0.0044165235,0.012255853,-0.016267529,-0.017828034,-0.01248404,0.0015798274,-0.007581699,0.00328847,0.050289482,-0.01054077,0.0024603717,-0.003102608,0.011998223,0.004648391,0.008921378,0.019462148,-0.040543687,-0.011019227,-0.0038018909,0.024629481,-0.032093406,-0.020286566,-0.0014905768,-0.009164287,-0.00019414302,-0.015693381,0.009804683,-0.011306301,0.025453899,-0.016826956,-0.0082147345,-0.001391205,-0.0072835837,-0.0039527887,0.0027198426,-0.0017978932,-0.007986547,0.00970163,0.03963094,0.004007995,0.015501998,0.0043502757,-0.03280005,-0.03430167,0.00030869662,-0.037893772,-0.005321911,0.010261057,0.008376674,-0.024438098,0.0018586204,0.017666094,-0.029826257,-0.0078098862,0.009142204,-0.028722126,0.0036657148,-0.010533409,-0.018652452,-0.01822552,0.012579732,0.0120865535,0.007581699,-0.004832413,0.0037356429,0.021964844,0.00089066563,-0.0017196839,-0.007854051,0.015384224,-0.03206396,0.009399835,-0.010018148,-0.01137991,-0.0316812,-0.004950187,-0.032505613,-0.01189517,-0.0015227806,0.04166254,0.021640966,0.00013031045,0.0024566913,0.004192017,-0.010923536,-0.020051017,-0.020036297,-0.0016193921,0.009635382,0.0059439046,-9.902674E-05,-0.014898406,-0.021405417,0.013617615,0.008155847,0.006183133,-0.008074878,0.01433898,0.020698775,0.016665015,0.01619392,-0.006698394,-0.0013332381,0.012601814,-0.007158449,-0.0069265813,0.03247617,0.013735388,0.007581699,0.005031157,-0.0106953485,0.005785646,0.01678279,-0.002909385,-0.002824735,0.01881439,-0.002073926,-0.01662085,0.00042302016,-0.0014528523,0.008729995,0.04463633,-0.0073755947,0.0117847575,0.0047919285,-0.011203249,0.022067897,-0.007445523,-0.04872898,0.0145671675,0.0020113585,-0.01071007,0.0006615585,-0.013198045,0.0033675993,0.014773272,-0.038659304,0.018063582,-0.010599657,0.012439875,-0.028221587,0.021228757,-0.020890158,0.009547052,0.021655688,0.014375784,-0.0046557523,0.0055427374,-0.011004505,0.006823529,-0.039513167,0.016930008,0.0033197536,0.032505613,-0.032358397,-0.008788882,0.040867567,0.03333003,0.07696529,-0.0012725109,0.021552635,-0.005336633,-0.007876134,0.0050201155,-0.02049267,-0.014383146,-0.006470207,-0.01712139,0.014765911,0.055265434,-0.010739514,0.007802525,0.0038570974,0.0017160035,-0.012101275,0.0051894155,0.0018899041,0.026278317,-0.008406117,-0.013845802,0.0142285675,0.017445268,0.0012991941,-0.021744018,0.01079104,-0.015546164,-0.018564122,0.026337203,-0.003170696,0.012322101,0.021449585,0.0261311,-0.0110339485,0.035803284,-0.020536836,-0.0016819595,0.00083867944,0.0016893203,0.0014942572,0.0011961418,-0.004526937,0.013198045,0.0096427435,0.012005583,0.0023462782,-0.0025891871,0.0009817564,0.011909893,-0.007449203,-0.0021364933,0.020227678,0.029163778,0.008744717,0.025866108,0.0048544956,-0.012520845,-0.017724982,-0.022553714,-0.011210609,0.0015209403,-0.016326416,0.0026627958,-0.009561774,0.014662859,-0.01601726,0.007765721,-0.010003426,-0.03221118,-0.0013277174,0.002622311,-0.0026867187,0.036863253,-0.008104321,0.0009881972,-0.004865537,0.0043833996,-0.00024750936,0.00775836,-0.017916365,-0.006864014,-0.005811409,-0.028707404,0.0018484992,-0.012844724,-0.036657147,0.008722634,0.011195888,0.008678469,-0.0017261247,-0.0077804425,-0.021729296,0.009804683,-0.018858556,-0.024158385,0.014390507,0.007320388,-0.009576496,-0.035773844,-0.013014023,-0.010349387,-0.0025266197,-0.032741163,-0.005888698,-0.019712418,0.010518688,0.0033841613,0.010886731,0.027308838,0.0016552763,0.0020352814,0.006470207,0.023068976,0.0026094294,-0.000817977,-0.024997525,0.013330541,0.014456755,0.009966622,0.01517812,-0.011939336,-0.0031228503,-0.020419061,0.0077878037,0.019005774,0.011365187,-0.022391776,-0.02892823,0.020816548,-0.018843835,-0.0071989335,-0.008273621,0.0149425715,-0.008200012,-0.0069707464,0.024393933,-0.022907037,0.0015338219,0.00016895504,-0.030650675,-0.020286566,0.0032259026,-0.007007551,0.009370391,-0.0013645218,0.02379034,-0.017989973,0.00556482,0.03733435,-0.008133764,-0.016856398,0.010422996,-0.026469698,0.016591407,-0.04445967,-0.04687404,0.0057378006,0.010526048,0.014994098,0.02074294,-7.7289165E-05,0.002942509,0.013352623,-0.017091947,0.002824735,-0.018519957,0.015487277,-0.0059439046,0.018416904,0.007633225,-0.01653252,-0.021788184,-0.001669998,-0.020684052,-0.010680626,-0.006451805,-0.011416714,-0.0054691285,-0.033094484,-0.0195652,-0.02124348,-0.012690145,-0.0069265813,-0.04460689,0.014449393,-0.026690526,0.021375975,-0.013426232,-0.02504169,0.042781394,-0.0020463227,0.02800076,0.036038835,-0.012542928,0.0014850561,0.01619392,-0.00022841709,0.0037135603,-0.025262516,0.0046704737,0.016267529,-0.0058555743,0.00047155592,-0.007151088,0.025821943,0.022318166,0.028869344,0.0036749158,0.017062504,-0.0096133,-0.005167333,-0.02825103,-0.016458912,-0.002210102,0.0044754106,-0.007018592,-0.01981547,0.009900374,0.01669446,0.024158385,0.0012320261,-0.01551672,0.0075448947,-0.0042472235,0.034507774,0.009326226,0.008847769,0.015222285,0.052998286,0.016797513,-0.0103567485,0.00834723,0.013426232,-0.004773526,-0.0025928675,0.026616916,-0.023216194,0.0059549464,-0.0030970874,-0.0127637535,0.00683089,-0.01754832,0.018313851,-0.010739514,0.006197855,0.04021981,0.0028044926,0.009156926,0.014618694,-0.005112126,-0.012520845,-0.008207373,0.019962687,0.025821943,0.0017831714,0.003365759,-0.017003616,-0.014029824,-0.010312583,-0.0038386951,0.04166254,-0.009907735,0.01247668,0.011284218,-0.0015301415,0.0145303635,-0.031651754,-0.004541659,0.01560505,-0.005715718,0.012101275,0.01213808,-0.017136112,0.028471855,-0.007861412,-0.0021236117,0.009716352,0.0007452884,0.00834723,0.013676502,-0.011873088,0.011814201,0.00073976774,0.00060773204,-0.009134843,0.0034835332,0.026366647,0.009870931,0.008663747,0.012079192,-0.0138163585,-0.00085800176,-0.0019248682,0.034713876,0.01653252,0.01129894,0.011247414,0.0089361,-0.00021139506,-0.0039049431,0.013014023,-0.027043847,0.0009725553,0.011630179,-0.042192522,0.005075322,0.0028946633,0.0012991941,-0.0021567359,0.02832464,-0.012896249,-0.0042766673,0.0100917565,0.018004695,-0.011107557,-0.017754426,-0.011541849,0.08791827,-0.0006923821,0.007401358,0.01653252,0.0065879812,-0.00733879,-0.0058739767,-0.013352623,0.008980265,-0.0070774793,-0.0057230787,-0.0004333714,0.007831968,0.011232692,-0.0011657783,-0.009142204,-0.01003287,0.028957674,-0.0008777841,-0.0049649086,-0.005270385,-0.0028210545,0.002134653,0.02732356,0.009804683,0.013411511,-0.023922836,0.029281553,-0.0006992829,-0.009620661,0.012587093,-0.0064628464,-0.020949043,0.0014178881,-0.0029388284,0.016429469,-0.0033915222,0.029414048,-0.003989593,-0.006856653,0.008428199,0.00362523,0.030915666,-0.0002764928,0.0071474076,-0.008391395,-0.0015881084,-0.005458087,0.0026940794,-0.013956215,0.0014169681,0.008634304,0.001172219,0.019182434,0.008376674,0.0028725807,0.011519766,0.0051415698,-0.012542928,-0.0019855956,0.025954438,0.026028046,-0.004622628,0.0059586265,-0.007445523,0.0031670155,0.013808997,0.0058666156,-0.008612221,-0.00039104637,-0.014684942,-0.021464305,-0.01862301,-0.005675233,0.012027666,0.010290501,-0.014633415,-0.0060027917,0.019167714,-0.019064661,-0.00014779253,0.004898661,-0.0031099687,-0.0020720856,0.0044754106,0.017209722,0.01576699,0.0003583825,-0.011792119,0.0011298939,-0.00421778,0.0060175136,0.0035129767,-0.039748713,0.043488037,-0.007342471,0.009333587,-0.023216194,0.0026407132,0.01594365,0.0054102414,-0.004479091,0.023216194,0.005888698,0.0062861852,0.017901642,0.020374896,0.0074271206,-0.009539691,0.014132876,-0.023716733,-0.036627702,0.0027529665,-0.0021291324,0.016679738,-0.019697696,-0.0063045877,0.0027584871,-0.012587093,0.003095247,-0.014103432,0.0305329,0.012955137,-0.020772383,-0.0185494,-0.0037061996,0.0182108,-0.018063582,0.012668062,0.0024051652,0.010378831,-0.015369503,0.007971825,-0.009856209,-0.009893013,0.00035470206,-0.00011811901,-0.017769147,-0.002200901,0.0028431371,-0.009149565,-0.019197157,0.009907735,0.011497684,0.0020463227,0.0028541784,-0.018991051,-0.0015439431,0.0029388284,-0.025321404,0.008501808,0.0015191002,-0.000876864,0.0070590773,0.013301097,-0.0014979376,0.031062884,-0.014456755,-0.0055758613,-0.0128373625,0.00019575321,0.023142584,0.0008497208,-0.0045821434,-0.019123549,0.021228757,-0.0021438543,0.04057313,-0.0042030583,0.008126403,0.027559107,0.0028725807,-0.004258265,0.02200901,-0.0072467793,0.015237007,-0.009171648,-0.0018457389,0.0114093525,0.026337203,-0.0042545847,0.013536645,-0.021788184,0.0024143662,-0.007883495,0.0061426484,-0.008089599,-0.011114918,0.0060064723,-0.011968779,0.011534488,0.020595722,-0.017754426,-0.016944729,0.007824608,0.004707278,-0.011225332,0.0089361,-0.004070563,0.009767878,-0.0043024304,-0.0056053046,0.036745477,-0.0044827717,-0.009193731,-0.0009808363,-0.006223618,0.021390697,-0.017018339,0.005388159,-0.030179579,0.01383108,-0.0065843007,-0.009333587,-0.006591662,-0.008744717,-0.0036233896,-0.0318873,0.0020003172,0.001314836,0.0014022463,0.006823529,0.0064959703,0.00012824021,-0.008531252,0.01383108,0.018254966,-0.023967002,-0.015398946,0.011770036,0.029046005,-0.026881907,-0.005693635,0.0039748712,0.011056031,-0.008391395,-0.013058188,-0.0291785,-0.0063561136,-0.0031927787,-0.014449393,-0.012469319,0.0011740592,0.014832159,-0.005270385,0.009532331,0.012844724,0.005112126,-0.018166635,-3.2433847E-05,0.00379453,0.011011866,-0.019697696,-0.00048029696,-0.011814201,0.013448315,-0.012977219,-0.0076700295,-0.018004695,0.009473443,0.0008828447,-0.0068787355,0.0050385175,0.0070369947,-0.011019227,-0.010518688,0.0052483026,0.0025118978,0.010643822,-0.0076553077,-0.0006753601,0.011291579,0.01500882,0.022995368,-0.009907735,0.0072430987,-0.004622628,0.0044422867,-0.011858366,-0.014294815,-0.004390761,-0.0029222665,-0.013934133,-0.01872606,0.007964465,0.017783869,0.032917824,0.021979567,0.0030713242,0.012344183,0.0011952218,-0.011262136,-0.0035368993,0.0041515324,0.0145671675,0.00018517196,-0.012550288,0.022745097,-0.0059107807,-0.0029277871,0.004401802,0.013632337,0.01138727,-0.009915096,-0.013610254,0.021464305,0.025498064,-0.02967904,-0.02723523,-0.03491998,-0.010238974,0.0005318231,0.020036297,0.009922457,-0.014199124,0.0070774793,0.0026167904,0.0052998285,-0.016267529,0.0149425715,0.0025487023,0.014559806,0.019535756,-0.002149375,0.000115128656,-0.0014730947,-0.0058150897,-0.0149057675,0.010673266,0.018254966,-0.026881907,-0.022715654,0.023746176,0.0074271206,-0.0071326857,-0.012910971,-0.013683863,0.008671109,-0.036215495,-0.004206739,-0.0064150007,-0.009392474,-0.022494828,-0.0023959642,0.009318865,0.012675423,0.018151913,-0.01087937,0.023142584,0.0067499205,0.00014882765,-0.008862491,-0.0030860459,0.012807919,-0.025571672,-0.00041105875,-0.011674345,0.0128741665,0.01754832,-0.005292468,-0.010290501,0.027456056,-0.017769147,-0.0060248743,-0.0014270892,0.0047919285,0.009650105,-0.007430801,-0.016400024,-0.0045342976,-0.0107321525,0.020684052,-0.014648137,0.02402589,-0.013440954,-0.014795355,-0.0070443554,-0.0049207434,-0.013382067,-0.00750441,0.012616537,0.0032516655,-0.0029185861,-0.019874357,0.0018797829,0.0060616788,0.045136873,0.0018264166,-0.012101275,0.0034908939,-0.0005083603,-0.031268988,-0.011100196,0.014206485,0.014986738,-0.010643822,-0.006764642,-0.010172727,0.0029075448,-0.019594643,0.010629101,0.016900564,0.0013810837,0.0036233896,-0.0039417474,0.012668062,-0.016576685,-0.020757662,0.039248176,-0.016915286,-0.012174884,-0.02074294,0.009760518,-0.006249381,-0.002471413,-0.0037411638,0.0037430038,0.011924614,0.02445282,-0.02909017,-0.011644901,-0.00077841233,0.0012495081,0.012793197,0.031180657,0.012969858,0.022494828,-0.0022818707,-0.013440954,-0.04130922,0.023378132,-0.009480804,0.0024898152,-0.008391395,-0.009517608,-0.009407195,-0.010643822,-0.0114461575,-0.011166444,0.016797513,0.007360873,-0.014449393,0.005656831,-0.019344375,-0.01871134,0.007342471,0.010945618,0.012160162,0.016797513,-0.025012245,-0.020551557,0.0015844279,0.03003236,0.0010995304,0.0152811725,-0.007846691,-0.0020757662,-0.01416232,-0.006941303,-0.0029535503,-0.00185494,-0.0036473125,-0.006341392,-0.007048036,0.013610254,0.0002925947,0.011931975,-0.0059402245,0.0074712858,0.004166254,-0.00046902563,0.0063266703,0.011961418,0.017268607,4.1117375E-05,0.01492785,-0.002850498,0.010967701,0.007342471,-0.010054952,0.009812044,-0.019535756,0.014213845,-0.0026627958,-0.022538994,-0.015038263,-0.024187827,-0.01703306,-0.020536836,0.01560505,-0.004037439,-0.017666094,-0.0028320958,-0.0019524716,0.0071216444,0.012020306,-0.016296973,-0.022524271,-0.0005138809,0.036627702,-0.011269497,-0.015384224,0.019521035,0.013389428,-0.012969858,0.0033031916,-0.009598578,0.008001269,0.00026361126,0.0013019544,-0.00053090294,0.00429875,0.013485119,-0.023466462,-0.0093409475,-0.003500095,0.027102735,-0.010739514,0.008148487,-0.00057966873,-0.010562853,-0.0038239735,0.02564528,0.017342217,-0.0035037755,0.0074271206,-0.009767878,-0.041898087,-0.0063892375,-0.009370391,-0.009569135,-0.014832159,0.02343702,0.00063533534,-0.012771115,0.0318873,0.0062199375,0.0082147345,0.0023665207,-0.00480665,0.018917443,0.008538612,-0.014405228,-0.0035387396,-0.028942952,0.014729107,0.008141126,0.017430548,0.015884764,-0.0021788185,-0.007401358,0.014412589,0.023142584,0.006867694,-0.0066174245,-0.005616346,0.0014289295,0.017430548,0.008928739,-0.0011179326,0.016208641,0.0040153563,0.004100006,-0.019329652,0.021567358,0.007051716,0.0032921503,-0.00750441,-0.006897138,0.0014703344,-0.014213845,0.013249571,0.002859699,0.017886922,-0.01332318,0.014618694,0.0022082618,0.0047956086,0.000489038,-0.01129894,0.011321022,0.0054028807,0.009017069,0.0058334917,0.0090023475,-0.006956025,-0.009436639,0.014375784,-0.007320388,0.0012237452,-0.007802525,-0.010673266,-0.014581889,0.00093299063,0.0008529411,0.002791611,0.002513738,0.0030547623,-0.0008363792,-0.015884764,0.0006017514,-0.01560505,0.0018843835,0.0045968653,0.0100917565,-0.0027106414,0.0076037818,0.0023002727,0.019049939,-0.0023352369,0.019756583,0.017621929,0.0049796305,0.016076146,0.01612031,0.004420204,0.00027097214,0.0077804425,0.0158406,-0.030179579,0.009237896,0.0069081793,0.0055721807,0.011276857,-0.016635573,-0.016252806,0.012160162,-0.01383108,-0.016591407,-0.01281528,0.02546862,0.014662859,0.0017822514,0.022038454,-0.03215229,-0.01129894,0.030002918,-0.011843644,0.0076773902,0.01829913,0.019241322,-0.021979567,-0.0065806205,0.002134653,-0.014596611,-0.007993908,0.00040024746,-0.003860778,0.002487975,-0.006223618,-0.0152811725,-0.009142204,0.013006662,0.00027051207,-0.02773577,0.003196459,-0.016650295,-0.0040632016,-0.0096795475,-0.010467161,0.006974427,-0.012601814,0.027043847,-0.010084396,0.013735388,0.006956025,-0.008884573,0.020227678,0.008045434,-0.020610444,0.0131391585,0.008067517,-0.013639698,0.023878671,-0.012866806,0.0018991051,0.008700551,-0.0076405862,0.007438162,-0.0071326857,0.0021677772,0.00036574338,0.005921822,0.0030455613,-4.3202E-06,-0.017975252,-0.0061279265,-0.008280982,0.0034982548,-0.008810964,0.011851005,-0.008700551,-0.0006887017,0.0036141886,-0.0013866044,0.007905577,-0.039248176,0.016238086,0.008634304,0.0076405862,7.953193E-05,-0.003363919,0.009723713,4.3992717E-05,0.017754426,0.0051489305,0.02142014,0.0033363157,-0.0022064217,0.011225332,0.007905577,-0.009915096,0.026278317,0.001358081,0.0077804425,-0.010275778,0.0017840916,0.002554223,0.00118142,-0.012690145,-0.0023389175,-0.00019195776,0.0025707849,-0.0024769336,0.01612031,0.00052584236,-0.023569515,-0.009429278,-0.018358016,-0.03365391,0.016885843,0.009893013,0.0002555603,-0.009017069,0.012528205,0.014523002,0.007750999,-0.0074418425,0.012064471,0.010099118,0.014037184,-0.010054952,0.0062015355,0.017857477,-0.0058077285,-0.0054212827,0.0034117645,-0.004939146,0.013117076,0.0059659877,-0.0107321525,-0.0069265813,0.020433784,0.017401103,-0.0069339424,0.0041368105,0.009863569,0.008575417,-0.0001390515,-0.013956215,-0.006484929,-0.005244622,-0.0052667046,-0.012520845,-0.018888,0.014177041,0.013205406,-0.018784948,0.009929817,0.015708102,-0.013654419,-0.0027897707,0.0025763055,0.013794276,0.010224252,-0.011770036,-0.008273621,-0.0028965035,0.0268083,0.012005583,-0.00027465256,-0.013161241,-0.020124627,0.015899485,0.007883495,-0.0003602227,0.0049538673,-0.00020242401,0.0165178,0.01601726,-0.027191065,0.021096261,-0.010768957,-0.016547242,0.004081604,-0.002234025,-0.014405228,-0.011644901,0.008575417,-0.021346532,-0.014552446,0.0015577447,-0.014574529,0.0022708294,0.0073240683,0.006849292,-0.0004747763,0.0029793133,-0.01829913,0.0056641917,-0.0019616727,0.011622818,-0.01517812,-0.009870931,-0.0156197725,-0.00792766,-0.0074344818,0.021994289,-0.0027382446,0.004405482,-0.0033436764,0.026513863,-0.0018770226,0.0010526049,0.0018503395,-0.015325338,-0.010467161,0.020463226,-0.006635827,0.015884764,0.00044142234,0.0030382003,-0.028236309,0.015089789,-0.023333967,-0.0036473125,0.018755505,0.013028745,-0.013315819,0.007846691,0.007883495,-0.0011142521,-0.018932166,-0.017828034,0.012417792,-0.0017031219,0.007817247,0.015163398,0.02033073,-0.023083698,-0.012160162,0.011291579,0.010864648,9.0688256E-05,0.02049267,0.006046957,0.012984579,0.017430548,-0.010275778,0.0011915413,-0.005888698,0.01728333,-0.0070590773,0.0017518877,0.022274,0.0042472235,0.0021732978,-0.01871134,-0.014795355,0.004722,-0.017621929,-0.009915096,0.008236817,-0.016797513,-0.017651374,0.0134777585,0.020227678,0.0019359096,0.0038166125,-0.0035976267,-0.004081604,-0.016841678,-0.0101212,0.008700551,0.039189287,-9.10333E-05,0.00020863474,0.03583273,-0.0045527,-0.017636651,0.0016212323,-0.025439177,-0.023304524,0.013109715,-0.01822552,-0.002730884,0.0041441713,-0.0047440827,0.0051746937,-0.004865537,0.0013838441,-0.007633225,-0.00065557775,-0.0017224442,-0.015899485,0.0018356177,0.00758906,-0.004906022,0.0065732594,0.028398247,-0.026999682,-0.0070553967,0.019668253,0.00026085094,-0.011254774,0.010128561,-0.011983501,-0.009215813,-0.00050652004,-0.0029185861,-0.004479091,-0.020404339,-0.013720667,-0.0025597436,0.016591407,0.008450282,-0.0006850212,-0.0067351987,-0.0110339485,-0.027706325,-0.01947687,0.01745999,-0.00758906,-0.037923217,-0.016238086,0.016090868,0.011232692,0.008170569,0.0075522554,0.01567866,0.007158449,0.0020279204,0.004799289,-0.002537661,0.017504156,-0.023378132,0.0053918394,0.032652833,-0.011262136,0.0049317847,0.0062935464,-0.006956025,-0.005016435,-0.011939336,-0.00834723,-0.0009030871,-0.03860042,-0.015075068,0.009083318,-0.007493369,0.0008483406,-0.005583222,0.015237007,0.0004020877,-0.0016469953,0.027426612,0.00031904783,0.0013083952,-0.005951266,0.015104511,-0.019270765,-0.017813312,-0.0068750554,0.0009799162,0.004324513,0.0051305285,-0.025924994,-0.010246335,0.004747763,-0.015045624,-0.0072835837,0.012896249,-0.009208452,-0.0049354653,-0.008361951,-0.006849292,0.0047661653,0.0015292213,-0.0001644695,0.0031265307,0.008833047,-0.008752078,0.014022463,0.0023665207,0.011431436,0.00404848,0.007699473,0.01662085,0.008472364,-0.013889967,0.011100196,0.008803604,0.021905957,0.0040153563,-0.0068345703,0.020198235,0.008104321,0.009731074,-0.0061757723,0.01754832,0.006698394,-0.0067756837,0.024187827,0.02766216,-0.012785836,0.009723713,0.007662669,-0.006400279,-0.0024438098,-0.016252806,-0.01592893,-0.0062935464,0.036863253,-0.0035056158,0.0010995304,0.00935567,-0.013521924,-0.021317087,0.0068161683,0.013624975,-0.001989276,0.009252617,-0.0010250015,-0.016885843,0.004589504,0.0009477124,0.0007103242,-0.00082395773,-0.01585532,-0.005259344,0.0139635755,-0.011902532,-0.014221206,0.006941303,-0.0016249127,0.0020923282,0.01273431,-0.010533409,-0.0006795006,-0.007861412,0.010069674,0.014059267,-0.010768957,-0.008207373,0.0056862743,-0.014523002,0.0127637535,0.011652262,0.008818326,0.0055537787,-0.013948854,-0.0010765276,-0.020271843,-0.008376674,-0.002900184,-0.004817691,0.023643123,0.014508281,-0.011497684,0.015973095,0.00071124436,0.012778475,0.0312101,0.010143283,-0.0034835332,-0.002462212,0.011262136,0.009326226,0.00835459,0.004368678,-0.006510692,0.013595533,0.0030786851,0.023849228,-0.005237261,-0.01601726,-0.013750111,0.0028100132,0.0107321525,-0.0043134717,-0.0064922897,-0.0054360046,-0.017106669,-0.00700019,0.0037908496,0.0024401294,0.012807919,0.008987626,0.00032157815,-0.0032332635,0.009510248,0.021096261,0.008509169,-0.0025321404,0.008295704,-0.011321022,-0.0021622565,0.007942382,0.020801827,-0.015914207,-0.011931975,0.0057267593,-0.017666094,-0.0046336693,0.0042913887,0.011858366,0.015237007,-0.0036399516,-0.004883939,-0.022332888,0.00877416,-0.022509549,0.03153398,-0.012322101,-0.0076553077,-0.013691223,-0.016723903,0.0038828605,0.0009049273,0.043635253,-0.0016589568,-0.014324259,0.018652452,-0.012167523,-0.014405228,0.010496605,-0.0032866297,-0.015708102,-0.0131759625,0.0050385175,0.011762675,-0.02065461,-0.016856398,-0.0063524335,0.024644202,-0.024997525,-0.002040802,0.01879967,0.025262516,0.0077878037,-0.0076405862,-0.002361,0.027853543,-0.012852084,-0.0044570086,-0.005811409,-0.011563932,0.024511706,-0.005778285,-0.0041846563,-0.0018172155,-0.0016534361,-0.015560885,-0.0020444824,-0.012012945,0.002944349,0.0015503839,0.0032627068,0.0067572813,0.0075007295,0.02033073,-0.0016626371,-0.01660613,0.03003236,-0.026881907,0.0022634685,0.004269306,-0.012969858,0.01366178,-0.0018236563,0.0035276983,-0.018328574,-0.016252806,0.028604353,-0.012697506,0.0024898152,0.015398946,0.024658924,0.004714639,-0.008781522,-0.002226664,0.010923536,0.036480486,0.011269497,0.0024162065,0.001121613,0.009296782,0.0059107807,0.009672187,-0.004710959,0.019211879,0.011880449,0.0104303565,0.019094104,0.012366266,0.01862301,-0.012300018,-0.0025671045,0.015781712,0.008619582,-0.020684052,-0.01881439,0.015237007,0.0096059395,-0.0028891426,-0.0026002284,0.009583857,0.0013544007,-0.0022285043,0.017636651,0.01965353,0.009723713,-0.005296148,0.0030584426,-0.0005594263,0.020448504,-0.010835205,0.015781712,0.0055611394,-0.012984579,-0.009672187,0.011828923,-0.017563043,-0.009532331,-0.01171851,0.035420522,0.01400038,0.0075264927,0.0029921948,-0.028854622,-0.01349248,-0.009488165,-0.007530173,0.0066247857,-0.00044970334,0.01813719,-0.005767244,0.0073351096,-0.024570594,-0.014390507,0.020286566,-0.0026425533,0.0029940351,0.014736468,-0.020021575,-0.0021916998,0.004236182,0.0063193096,-0.0025523826,0.029252108,0.0124251535,0.012049749,-0.0114461575,-0.022067897,0.0048397738,0.010062314,0.017916365,-0.004618948,-0.0048360936,-0.0010507646,0.0023205152,0.0124251535,-0.011902532,0.01441995,0.010099118,-0.009134843,0.00775836,-0.00045729423,-0.012211688,-0.014618694,0.0011013706,-0.003060283,-0.005612666,0.017621929,-0.0047956086,-0.022921758,0.041338664,-0.0124251535,0.006518053,-0.013860524,0.012012945,-0.0077141947,0.005362396,0.0182108,-0.015325338,-0.0016166318,-0.015325338,-0.00438708,0.0028357762,0.016974173,-0.0043833996,0.0019211879,-0.0088919345,0.014802716,0.0006127927,-0.0041110474,-0.0025891871,-0.0024088456,-0.00641132,0.011762675,-0.012594453,0.0067241574,-0.024673646,0.0053255917,-0.006275144,-0.01822552,-0.007294625,-0.0067057554,0.020139348,0.0053734374,0.008384034,0.007158449,-0.0014602132,0.012520845,-0.015914207,-0.0036565135,-0.029310996,0.012005583,0.03583273,0.0011446157,0.009628022,-0.0064370832,0.010077035,0.0052225394,-0.01358081,0.0073755947,-0.01054077,0.010570213,0.027014403,-0.021950124,0.011593374,-0.011924614,-0.0057267593,-0.004114728,-0.0022616282,0.0048397738,0.008656386,0.01644419,0.0023996446,-0.006989149,-0.030768448,-0.0113357445,-0.008582777,-0.0050642807,0.0020904879,0.002806333,-0.0032939906,-8.7352855E-05,-0.021434862,0.0044643693,0.042810835,0.008877213,-0.0048397738,-0.006113205,0.014324259,0.01897633,0.008236817,-0.007353512,-0.031092327,0.0009099879,-0.0069633857,0.005388159,0.035950504,-0.001787772,-0.029973475,-0.010975062,-0.018961608,-0.012984579,0.014824798,0.008568056,0.010746875,-0.0002335927,-0.004420204,0.010643822,0.0006459166,-0.009576496,-0.01112964,0.012830001,-0.019521035,-0.0005009994,0.001450092,0.017415825,-4.0858595E-05,-0.006028555,-0.007463925,-0.010776318,-0.016238086,-0.004618948,0.004007995,-0.002377562,0.007022273,0.0006330351,0.0128373625,-0.0030455613,-0.013448315,-0.0008372993,-0.005947585,-0.005995431,-0.024585316,0.010761596,-0.004850815,-0.0117847575,-0.002909385,0.012432515,-0.012690145,0.0012357065,0.003465131,-0.008538612,0.010481883,0.010386191,0.0114461575,0.0100917565,-0.01997741,-0.00048167713,0.01315388,0.034360554,0.01248404,0.01062174,-0.0012016625,-0.013985658,0.008744717,0.0040779235,-0.011777396,-0.022656767,0.005826131,-0.01997741,-0.027456056,-0.011100196,0.0103567485,-0.011740592,-0.01813719,-0.014110793,-0.019594643,-0.01324221,0.013647058,-0.012977219,-0.021861792,-0.012410432,-0.007511771,0.002318675,-0.010327305,-0.00064131606,0.0049649086,0.0109971445,0.013205406,-0.008752078,-0.010717431,-0.015295894,0.008295704,-0.012204328,0.0012725109,-0.007018592,-0.007007551,0.017607208,-0.030915666,-0.004622628,0.026454978,-0.0110339485,0.020389618,0.0075596166,-0.01997741,-0.0002606209,-0.017342217,-0.019668253,-0.020227678,-0.008038073,-0.003768767,0.0023720413,0.0134777585,-0.0041956976,-0.0165178,0.0010194809,0.012579732,0.0051967762,-0.0006160131,0.01416232,-0.010665905,0.015457833,0.009009709,-0.004537978]
}



DELETE collections/grocery-embeddings


PUT /collections/grocery-embeddings
{
    "vectors": {
      "size": 3072,
      "distance": "Cosine"
    }
}
